 0.1278058092219481    0.818558759364771   -0.05474625117870002   0.03750307143280751   0.045038083785798655   0.1757862762249937   -0.005962216777849916   -0.19481709132443503   0.018980085612483766  
 0.04434463159402424   0.7990275258929015   -0.0010117913685641078   0.17928635523045378   0.04777288189385054   0.059759022015860364   -0.03388710695771335   -0.06776137065706589   -0.038474705212172555  
 0.12259411639469564   0.5939469886763059   0.14859139261774623   0.016489620069419564   0.0727930211977521   0.3034368123244222   -0.18588629700068748   -0.0965656201755487   0.0008584210433790762  
 0.041785765781757134   0.4813539872871946   0.24556314696553838   0.046445520280421704   0.07440003099889109   0.4632350064917845   -0.1834616170545631   -0.15463591549036404   -0.021974054418333444  
 0.31498114604385324   0.16889961486922672   0.1890913229925999   0.047014701337371734   0.21107490952228702   0.4750551050657474   -0.18386776378050224   -0.1579745994034033   -0.11982375474459772  
 0.0643377119494418    0.467235152169303   0.29473092024579994   -0.010979861522557699   0.29857866622441587   0.38425800336089333   -0.3675977985592608   -0.08440373853906724   -0.05830733488768686  
 0.14067905807440825   0.5413597260318718   0.18100616182214235   0.06457281815013127   0.03294932079074664   0.28550979130710685   -0.10770716354537946   -0.14513353989525668   -0.022449546546233656  
 0.032567211159750815   0.7529612320525246   0.18579441360723803   -0.0414446975680951   0.06265674035325675   0.33142131005738995   -0.2678741187540823   -0.07685109191061668   0.014540841826185757  
 0.2629361775704694   0.3258374354334672   0.2711250807328569   0.006273581374703574   0.2535269854896147   0.37626277338121905   -0.3441313098421541   -0.15534847512506644   -0.040401440468747274  
 0.032955751055816544   0.5961695180458864   0.3085351073881444   0.029755441625291645   0.11783273135558736   0.32484040373501455   -0.31221413147022914   -0.1047416228866247   -0.00022690855537788046  
 0.10404733975621176   0.6087192302784815   0.22175191216924972   0.09698982643140575   0.09784985268794971   0.04693264711315215   -0.12267647614486393   -0.1073654663964071   0.031004197567688407  
 0.05062807651228156   0.8582619616428956   0.11669499152792895   -0.02067993629003162   -0.009040712236043191   0.12815705698074353   0.06467127173983145   -0.20687308687144568   0.008576920364727902  
 0.04968328393216933   0.7245318950158027   0.17803162753939794   -0.0132176438243653   0.05371530912545558   0.1879476570560309   -0.07221118516649094   -0.09721118961250141   -0.020724832603870924  
 0.1865029961829972   0.3455707006004044   0.26575350844277823   -0.015216169842933946   0.2831464985689567   0.24951037107405527   -0.27371855325854455   -0.07266997200748326   0.0014164145527950645  
 0.04800923411189392   0.6869189404417235   0.1592763257293372   0.04216839176195397   0.028148689161150986   0.39417880775945946   -0.22319991013059165   -0.11517614082372651   -0.029777142235068138  
 0.03247085841298303   0.6756412301970325   0.28873773203489866   -0.048889262985073845   0.05420944692443891   0.33298263345989215   -0.2962289120217252   -0.10982585323917222   0.06526282413415785  
 0.026717770645418644   0.6500794920704696   0.24344419306978304   -0.020840483670955923   0.2050555162948382   0.26215591152154094   -0.320054334861958   -0.03950770758393385   -0.011836063003837105  
 0.05118182726736176   0.7196686700389741   0.12354467526733515   0.054384428590973866   0.06825091263030497   0.32959293590460764   -0.2842632727478295   -0.09312232183865021   0.02275302356376896  
 0.1127837379459823   0.7004314880606052   0.015935124555771257   0.07434879181680668    0.152139116129248   0.17277209591402398   -0.1456387457377486   -0.0354040328297132   -0.06415522405924194  
 0.049990194421482594   0.7762678102237652   0.026646662116978304   0.1693795198036232   0.058758787067821894   0.04157661031777904   -0.052673121459832384   -0.06897434034717476   -0.010200455381047524  
