     0.435823856839        0.20596078314     -0.0438377976165       0.553908974387      -0.087833095862      -0.211159345103       0.084894387186       0.180778505144     -0.0723175420855     -0.0812030226097       0.154501854103       -0.02979363875      0.0183591225301     -0.0662923835124      -0.024525513922      0.0550336930596    6.18468601788e-05     -0.0216225735367      0.0177773157423     -0.0376669144812    -0.00836727740982      0.0186846785588  
     0.159869879907        0.56948815793      0.0196605385917       0.675140378642      -0.415389385004     -0.0907536450046      0.0844289774687       0.080428486684     -0.0355351444885      0.0140219521418       0.135101368263     -0.0801483662282     -0.0623256299654      0.0310977566573     -0.0338040615627      0.0481894636236      -0.108050050474      0.0698821071155     -0.0126134111814       0.041847565905      -0.023605321387     -0.0519128870768  
     0.133088401985       0.548632534773     -0.0735443483013       0.561991613338      -0.143710219489      -0.195036792483      0.0361545004753      0.0756414072166     0.00686351513026     -0.0206025524457      0.0270439634332      0.0333279260208      0.0630853111547      0.0515371544544     -0.0361289852123      0.0275148305774     -0.0870498488236     -0.0068003419024      0.0135066257388     0.00426217553564     -0.0354673635779      0.0248925707211  
     0.133701465682        0.61037021001     -0.0486051196316       0.386167940655     -0.0773920523512      -0.240827731357    -0.00296257716395      0.0571602749193      0.0782654101911     -0.0393817097855     0.00930920497349       0.105490754023     -0.0333315192895      0.0153786952246     -0.0378152095053       0.122893740286     -0.0409996090361      0.0472869904613     -0.0642002136751     -0.0429580005376      0.0225178905207      0.0394232299523  
     0.226725999973       0.658829829098       -0.15337421135        0.39757243318    -0.00499795105237      -0.184707242752     -0.0407970782151      0.0594491246116      0.0602680669285     -0.0172507490874      0.0164918404373      0.0721082389564     -0.0378685194104    -0.00558666345769      0.0666422937603     -0.0514768711042      0.0327102245459     -0.0814912105591      0.0188702905978     -0.0196752451501      0.0578526901137     -0.0692002914777  
     0.168204603678       0.619980600867      -0.120758649749       0.565864163999     -0.0482626378412      -0.239955906362     -0.0435686346942      0.0851469434276      0.0193834653561     0.00222498048019      0.0187887982477     -0.0353265955953      0.0889302331503     -0.0530134679916       0.031494715018     -0.0142944046028      0.0155448703647      0.0179751424664     -0.0348193351292      0.0100774465512     0.00648475734428     -0.0484444314605  
     0.320297147416       0.360948717796       -0.15458780341         0.6382704312      -0.213681672733      -0.184769437925      0.0651469320114      0.0819416941626     -0.0773817450415      0.0531301821782       0.127562214469      0.0571719908544      0.0907748286353      -0.103171834116    -0.00563196553758     -0.0334691414997     -0.0192599449849      0.0266848723247      0.0209505554418    -0.00640054054829       0.033620307602     -0.0421125831668  
     0.160197676341       0.361719543802      0.0841175869418       0.594078239214     -0.0131409341807      -0.289554714482      0.0389031269448       0.149866210992    0.000498176665006     -0.0413327196998      0.0474692281282      0.0392650393508       0.020585489281      0.0296698819669      -0.141307915873      0.0373376948575     -0.0356937766159     -0.0485004896736      0.0119353795401     -0.0406067439385      0.0910914158966     -0.0437959382082  
     0.630232550435       0.185156878164      0.0490741294595       0.497644515911      -0.125855732831      -0.239805459105      0.0599781049909      0.0870229549314     -0.0256708235337    0.000849134889305      0.0526838776433     -0.0138581053375    -0.00764003976963     -0.0140558263925     -0.0227553110994     -0.0334357278319      0.0591643166507     -0.0344381972375    0.000606788191384     -0.0107850684083      0.0125499596267     -0.0482379166206  
     0.161474365261       0.518316218398     -0.0132341536012       0.428821132483     0.00160881808938      -0.263998451405      0.0712685995414      0.0578528849499      0.0879714351609     0.00229470699943      0.0527380761496     -0.0601376652838     -0.0255815851755      0.0667118381777     -0.0337516205196     0.00742104992874     -0.0432699010062       -0.06190236301      0.0298415622419     -0.0264741862494      0.0578596428747    -0.00569389117503  
     0.244422204685        0.63036388398      -0.182303862824       0.485136595241       0.062000997567      -0.231022266476      -0.162386585919       0.112695762965      0.0505800559504      0.0425188075728     -0.0292413966187      0.0267865238481      -0.019211172734      0.0116913036873       -0.02225135705     -0.0486441139909      0.0930627346174     -0.0253358610871       0.107212899966      -0.106872092367   -0.000326369422503     -0.0296511856607  
     0.112795126601       0.652077131733     -0.0843031452595       0.525211324065     -0.0328453231937      -0.304806130798    -0.00767688307835       0.140606147803     -0.0922805026079      0.0754428189839      0.0293597616012      0.0520227845217     -0.0159687592667      0.0154927308698     -0.0134259441874     -0.0203418471108     -0.0644249239655      0.0537804972099      0.0249275324594      0.0958481517824     -0.0150354730957      -0.119201514864  
    0.0512958826986       0.620715995578     -0.0134478473792       0.510177760904     -0.0215124573693      -0.330901126953     -0.0554655241235      0.0742855450556      0.0959874867354      0.0768258230889      0.0993932887737     -0.0768589031592     -0.0614505118451      0.0551885824765     -0.0295824012325      0.0412486144179     -0.0379149849373      0.0365959845952     -0.0541653859425      0.0785129123296      -0.048474379376     -0.0103320038218  
     0.355407475889       0.251991226724     -0.0746771735439       0.472241315623      0.0579047717942      -0.164570839588     -0.0154196467189       0.123355662407     -0.0387593912095    -0.00372471099913      0.0749316363685     -0.0563653145766      0.0344016976359      0.0315859721383      0.0432483779324    -0.00522503696003      0.0415987267478     -0.0134619581036     -0.0161907181379      -0.039264815284     -0.0102191611596    -0.00922028664678  
     0.254549787692       0.338891968363     -0.0541311747261        0.53951953043      0.0894566494308      -0.243732236514     -0.0776801601296       0.153909572087    0.000510671754265    0.000937154252899    -0.00666097339403     -0.0371432771336       0.044546846723        -0.0406339868      0.0683105578368     -0.0544640455744    -0.00363792658323     -0.0745128303498   -0.000467896988888      0.0665003530823      0.0922542804028     -0.0318720612047  
    0.0545912545202       0.706509364076     -0.0510025940109       0.380931094701      -0.122560596744      -0.140826189842      0.0284280470011      0.0397907987457     -0.0583826197311      0.0444643700537      0.0656818795111       0.108451886429       0.011393832435     -0.0367683923966    -0.00155408814041      0.0108425728368     -0.0214118139768      0.0192257332707     -0.0119753866057      -0.036345773347     -0.0362061817436      0.0463438253729  
     0.120053028787       0.632840557664     0.00471261623646       0.520388411789       -0.31164119999      -0.112771278573      0.0418004277718      0.0726132795139     -0.0279436972518      0.0298004622396     -0.0100838908553      0.0573073141876      0.0430169477933     -0.0147502005953      0.0488402483001     -0.0960954017603      0.0596272970826     0.00188637256543     -0.0332330757878     -0.0203384753775    -0.00862578968128      0.0105201635372  
     0.253912041271       0.632247117606     -0.0459434546761       0.573452662192      -0.197597627306      -0.292005550351      0.0271662339577       0.149873224001     -0.0526630750906      0.0110348699907    -0.00630292827615        0.06622647582      0.0342505763231     -0.0813341379762   -0.000469741337729     -0.0277543415184       0.053569101674     -0.0374088931758     -0.0416328323255     -0.0158013443772    -0.00898151156335       0.025858456687  
   -0.0117608432819       0.502956339621      -0.019892603748       0.635084289529        -0.2478859847      -0.141651850071      0.0945850626372      0.0757831799934     -0.0778868796961     0.00610428911856       0.036946314256      0.0149845759748      0.0286608864245     -0.0303827178785    -0.00409143161235       0.052249939247      0.0182466786699     0.00868816741933     -0.0316899910364      0.0270944199873       0.035426925576      0.0251724653533  
